count      fraction               similarity             nclusters  15263 15361 15388 15146 15366 15123 15365 15067 15066 15061 15106 15369 15269 14999 17702 15294 17895 15370 15194 17896 15311 15256 15355 15354 15353 15357 15214 13999 
45         0.04495504495504495    950.1216931216957      12         7    1    2    7    9    8    3    11   11   9    11   8    10   8    12   9    12   12   4    12   9    10   8    8    8    10   5    6    
5          0.004995004995004995   932.3412698412724      11         6    6    1    6    8    7    2    9    9    8    9    7    11   3    10   8    10   10   4    10   8    11   7    7    7    11   7    5    
2          0.001998001998001998   905.7989417989455      14         10   1    2    10   12   11   3    4    5    12   6    11   13   11   14   12   14   14   7    14   12   13   11   11   11   13   8    9    
76         0.07592407592407592    893.5925925925949      13         8    1    2    8    10   9    3    12   12   10   12   9    11   4    13   10   13   13   5    13   10   11   9    9    9    11   6    7    
1          9.99000999000999E-4    893.3439153439207      11         4    4    1    4    7    5    2    10   10   7    10   5    9    6    11   8    11   11   8    11   7    9    5    5    5    9    6    3    
7          0.006993006993006993   883.928571428575       11         5    1    9    5    10   6    2    7    7    10   7    6    11   6    8    10   8    8    9    8    10   11   6    6    6    11   3    4    
5          0.004995004995004995   874.6164021164043      13         8    1    2    8    12   9    3    10   10   12   10   9    13   9    11   4    11   11   5    11   12   13   9    9    9    13   6    7    
1          9.99000999000999E-4    873.7804232804269      11         6    6    1    6    8    7    2    9    9    8    9    7    10   7    11   8    11   11   3    11   8    10   7    7    7    10   4    5    
3          0.002997002997002997   869.2857142857189      12         6    1    8    6    9    7    2    11   11   9    11   7    10   7    12   3    12   12   8    12   9    10   7    7    7    10   4    5    
1          9.99000999000999E-4    840.1798941798968      13         8    1    2    8    12   9    3    11   11   12   11   9    13   9    10   12   10   4    5    10   12   13   9    9    9    13   6    7    
1          9.99000999000999E-4    808.166666666669       10         5    5    1    5    7    6    2    8    8    7    8    6    9    6    10   7    10   10   3    10   7    9    6    6    6    9    6    4    
4          0.003996003996003996   794.2804232804251      11         5    7    1    5    10   6    2    8    8    10   8    6    11   6    9    10   9    9    3    9    10   11   6    6    6    11   4    7    
1          9.99000999000999E-4    790.0846560846577      14         9    9    1    2    11   10   3    13   4    11   13   10   12   5    14   11   14   6    7    14   11   12   10   10   10   12   10   8    
1          9.99000999000999E-4    773.5687830687863      13         7    1    2    7    10   8    3    11   11   10   11   9    12   9    13   10   13   13   4    13   10   12   8    8    8    12   5    6    
1          9.99000999000999E-4    771.8253968253988      13         8    1    2    8    12   9    3    10   10   12   10   9    4    9    11   12   11   11   5    11   12   13   9    9    9    13   6    7    
1          9.99000999000999E-4    769.1957671957704      12         6    1    2    6    8    7    3    11   11   8    11   7    10   7    12   9    12   12   9    12   8    10   7    7    7    10   4    5    
1          9.99000999000999E-4    769.105820105824       12         6    8    1    6    11   7    2    9    3    11   9    7    12   7    10   11   10   10   4    10   11   12   7    7    7    12   5    8    
1          9.99000999000999E-4    767.1666666666696      12         6    1    8    6    9    7    2    10   10   9    10   7    11   7    12   8    12   12   3    12   9    11   7    7    7    11   4    5    
1          9.99000999000999E-4    760.3095238095266      11         5    1    7    5    8    6    2    9    9    8    9    6    10   6    11   3    11   11   7    11   8    10   6    6    6    10   6    4    
1          9.99000999000999E-4    757.4391534391555      11         5    11   1    5    7    6    2    9    9    7    9    6    8    6    10   3    10   10   4    10   7    8    6    6    6    8    6    11   
1          9.99000999000999E-4    754.9603174603204      12         1    2    8    3    9    6    4    10   10   9    10   7    11   7    12   9    12   12   8    12   9    11   6    6    6    11   7    5    
1          9.99000999000999E-4    738.571428571431       11         6    1    2    6    8    7    3    9    9    8    9    7    10   7    11   8    11   11   8    11   8    10   7    7    7    10   4    5    
4          0.003996003996003996   733.1878306878331      15         10   1    2    10   12   11   3    14   14   12   14   11   13   4    15   5    15   6    7    15   12   13   11   11   11   13   8    9    
47         0.04695304695304695    732.5264550264574      11         6    1    2    6    8    7    3    10   10   8    10   7    9    7    11   8    11   11   4    11   8    9    7    7    7    9    7    5    
1          9.99000999000999E-4    730.505291005294       14         1    2    3    4    13   10   5    11   11   13   11   10   14   10   12   13   12   6    7    12   13   14   10   10   10   14   8    9    
1          9.99000999000999E-4    728.3174603174637      14         8    8    1    2    11   3    4    13   13   11   13   9    12   10   14   11   14   5    6    14   11   12   9    9    9    12   10   7    
34         0.03396603396603397    725.9814814814841      12         7    1    2    7    9    8    3    11   11   9    11   8    10   4    12   9    12   12   5    12   9    10   8    8    8    10   8    6    
1          9.99000999000999E-4    716.029100529104       11         6    6    1    6    8    7    2    9    9    8    3    7    10   7    11   8    11   11   4    11   8    10   7    7    7    10   7    5    
1          9.99000999000999E-4    708.3624338624358      11         4    1    7    4    8    5    2    10   10   8    10   6    9    5    11   8    11   11   7    11   8    9    6    5    5    9    6    3    
1          9.99000999000999E-4    700.1931216931245      9          3    3    1    3    6    4    2    8    8    6    8    4    7    5    9    6    9    9    6    9    6    7    4    4    4    7    5    8    
57         0.056943056943056944   692.3756613756635      12         6    1    2    6    9    7    3    10   10   9    10   7    11   8    12   9    12   12   4    12   9    11   7    7    7    11   8    5    
7          0.006993006993006993   690.2089947089962      12         6    1    8    6    9    7    8    10   10   9    10   7    11   2    12   9    12   12   3    12   9    11   7    7    7    11   4    5    
2          0.001998001998001998   663.5555555555567      12         7    1    2    7    9    8    3    10   10   9    10   8    11   8    12   9    12   12   4    12   9    11   8    8    8    5    8    6    
10         0.00999000999000999    656.6402116402139      10         4    1    8    4    9    5    2    6    6    9    6    5    10   5    7    9    7    7    8    7    9    10   5    5    5    10   5    3    
1          9.99000999000999E-4    644.5661375661393      11         4    4    1    4    8    5    2    10   10   8    10   6    9    7    11   8    11   11   8    11   8    9    6    5    5    9    7    3    
2          0.001998001998001998   635.4629629629654      14         8    1    2    8    10   9    3    13   4    10   13   9    12   5    14   11   14   14   11   14   10   12   9    9    9    12   6    7    
1          9.99000999000999E-4    634.6666666666691      10         4    1    2    4    6    5    7    9    9    6    9    5    8    5    10   6    10   10   7    10   6    8    5    5    5    8    5    3    
8          0.007992007992007992   624.5978835978851      11         4    7    1    4    8    5    2    9    9    8    9    5    10   6    11   8    11   11   3    11   8    10   5    5    5    10   6    7    
5          0.004995004995004995   615.6111111111125      14         1    2    3    4    11   10   5    13   13   11   13   10   12   6    14   11   14   14   7    14   11   12   10   10   10   12   8    9    
1          9.99000999000999E-4    612.9523809523823      9          2    4    6    2    7    3    1    8    8    7    8    3    9    3    5    7    5    5    6    5    7    9    3    3    3    9    3    4    
1          9.99000999000999E-4    612.6269841269853      10         2    2    5    2    5    3    1    9    9    6    9    3    8    4    10   7    10   10   7    10   6    8    3    3    3    8    4    9    
5          0.004995004995004995   610.9497354497361      12         6    1    8    6    9    7    2    11   11   9    11   7    10   3    12   9    12   12   8    12   9    10   7    7    7    10   4    5    
1          9.99000999000999E-4    599.8862433862441      14         9    1    2    9    11   10   3    13   13   11   13   10   4    5    12   11   12   12   6    12   11   14   10   10   10   14   7    8    
1          9.99000999000999E-4    595.5291005291018      16         1    2    3    4    13   11   5    15   15   13   15   11   14   6    16   13   16   7    8    16   13   14   11   12   12   14   9    10   
2          0.001998001998001998   593.8227513227528      13         7    1    2    7    10   8    3    12   4    10   12   8    11   9    13   10   13   13   5    13   10   11   8    8    8    11   9    6    
1          9.99000999000999E-4    591.3703703703703      13         7    1    2    7    10   8    3    11   11   10   11   9    12   8    13   4    13   13   5    13   10   12   9    8    8    12   8    6    
13         0.012987012987012988   587.8201058201067      13         7    1    2    7    10   8    3    12   12   10   12   8    11   9    13   4    13   13   5    13   10   11   8    8    8    11   9    6    
2          0.001998001998001998   585.1375661375686      11         5    1    7    5    8    6    2    9    9    8    9    6    10   6    11   7    11   11   3    11   8    10   6    6    6    10   6    4    
1          9.99000999000999E-4    579.6719576719593      13         1    2    3    4    12   8    5    10   10   12   10   8    13   9    11   12   11   11   6    11   12   13   8    8    8    13   9    7    
1          9.99000999000999E-4    578.7380952380963      13         7    1    9    7    10   8    2    12   3    10   12   8    11   4    13   10   13   13   9    13   10   11   8    8    8    11   5    6    
5          0.004995004995004995   575.018518518519       13         7    1    2    7    9    8    3    12   12   9    12   8    13   4    11   10   11   11   10   11   9    13   8    8    8    13   5    6    
5          0.004995004995004995   572.8624338624358      12         5    1    2    5    8    6    3    11   11   8    11   6    10   7    12   9    12   12   9    12   8    10   6    6    6    10   7    4    
1          9.99000999000999E-4    569.4259259259268      9          2    2    5    2    5    3    1    8    8    6    8    3    7    4    9    6    9    9    6    9    6    7    3    3    3    7    4    8    
3          0.002997002997002997   560.7539682539683      12         7    1    2    7    10   8    3    11   11   10   11   8    9    8    12   10   12   4    5    12   10   9    8    8    8    9    8    6    
3          0.002997002997002997   557.880952380954       14         8    1    2    8    11   9    3    12   12   11   12   10   13   4    14   11   14   14   5    14   11   13   10   9    9    13   6    7    
1          9.99000999000999E-4    553.0899470899467      9          3    1    5    3    6    4    5    7    7    6    7    4    8    4    9    6    9    9    5    9    6    8    4    4    4    8    4    2    
6          0.005994005994005994   550.5767195767212      11         5    1    10   5    10   6    2    8    8    10   8    6    11   7    9    10   9    9    3    9    10   11   6    6    6    11   7    4    
1          9.99000999000999E-4    543.7222222222239      13         7    1    9    7    10   8    2    12   12   10   12   3    11   4    13   10   13   13   9    13   10   11   8    8    8    11   5    6    
2          0.001998001998001998   541.8730158730175      13         8    1    2    8    10   9    3    4    12   10   12   9    11   9    13   10   13   13   5    13   10   11   9    9    9    11   6    7    
3          0.002997002997002997   540.8306878306892      12         5    1    8    5    9    6    2    11   11   9    11   6    10   7    12   3    12   12   8    12   9    10   6    6    6    10   7    4    
1          9.99000999000999E-4    538.6587301587313      13         7    13   1    7    9    8    2    11   3    9    11   8    10   4    12   9    12   12   5    12   9    10   8    8    8    10   6    13   
9          0.008991008991008992   533.3306878306894      11         5    1    2    5    8    6    3    10   10   8    10   6    9    7    11   8    11   11   8    11   8    9    6    6    6    9    7    4    
1          9.99000999000999E-4    532.5423280423289      12         6    1    10   6    11   7    2    3    9    11   9    7    12   7    8    11   8    8    10   8    11   12   7    7    7    12   4    5    
12         0.011988011988011988   530.7275132275148      11         5    1    7    5    8    6    2    10   10   8    10   6    9    3    11   8    11   11   7    11   8    9    6    6    6    9    6    4    
3          0.002997002997002997   516.5396825396837      13         1    2    3    4    12   9    5    10   10   12   10   9    13   6    11   12   11   11   7    11   12   13   9    9    9    13   9    8    
14         0.013986013986013986   515.6243386243397      14         9    1    2    9    13   10   3    12   12   13   12   10   14   4    11   5    11   11   6    11   13   14   10   10   10   14   7    8    
1          9.99000999000999E-4    508.7195767195778      12         6    1    2    6    9    7    3    11   11   9    11   8    10   7    12   9    12   12   4    12   9    10   8    8    8    10   8    5    
1          9.99000999000999E-4    497.849206349206       11         5    1    9    5    10   6    2    7    7    9    7    6    11   6    8    10   8    8    3    8    9    11   6    6    6    11   6    4    
1          9.99000999000999E-4    495.4576719576727      10         3    1    6    3    7    4    6    9    9    7    9    4    8    5    10   7    10   10   7    10   7    8    4    4    4    8    5    2    
1          9.99000999000999E-4    489.9100529100514      14         6    6    1    6    2    7    3    4    13   10   13   8    12   9    14   11   14   14   11   14   10   12   8    7    7    12   9    5    
1          9.99000999000999E-4    489.0132275132277      11         4    9    1    4    7    5    2    10   10   7    10   5    8    6    11   7    11   11   3    11   7    8    6    6    6    8    5    9    
1          9.99000999000999E-4    488.6851851851861      12         6    1    2    6    11   7    3    9    9    11   9    7    12   8    10   11   10   10   4    10   11   12   8    7    8    12   8    5    
4          0.003996003996003996   479.68253968254123     10         4    6    1    4    9    5    2    7    7    9    7    5    10   5    8    9    8    8    3    8    9    10   5    5    5    10   5    6    
1          9.99000999000999E-4    477.1534391534393      14         8    14   1    8    10   2    3    12   12   10   12   4    11   5    13   10   13   13   6    13   10   11   9    9    9    11   7    14   
1          9.99000999000999E-4    476.70370370370506     13         8    1    2    8    10   9    3    12   12   10   4    9    11   5    13   10   13   13   6    13   10   11   9    9    9    11   9    7    
1          9.99000999000999E-4    466.81481481481484     11         6    8    1    6    10   7    2    8    8    10   8    7    11   3    9    10   9    9    4    9    10   11   7    7    7    11   7    5    
2          0.001998001998001998   465.71693121693215     12         6    1    2    6    10   7    3    9    9    10   9    7    12   4    8    11   8    8    11   8    10   12   7    7    7    12   7    5    
1          9.99000999000999E-4    462.80952380952493     12         6    1    2    6    9    7    3    11   11   9    11   4    10   8    12   9    12   12   9    12   9    10   7    7    7    10   8    5    
6          0.005994005994005994   461.3465608465618      14         9    1    2    9    13   10   3    11   4    13   11   10   14   5    12   13   12   12   6    12   13   14   10   10   10   14   7    8    
1          9.99000999000999E-4    458.3915343915346      12         6    1    10   6    11   7    2    8    8    11   3    7    12   4    9    11   9    9    10   9    11   12   7    7    7    12   7    5    
6          0.005994005994005994   457.19047619047683     13         7    1    2    7    10   8    3    12   12   10   12   8    11   9    13   10   13   4    5    13   10   11   8    8    8    11   9    6    
4          0.003996003996003996   453.2777777777776      11         6    1    2    6    8    7    3    10   10   8    10   7    9    4    11   8    11   11   5    11   8    9    7    7    7    9    7    10   
8          0.007992007992007992   450.2328042328051      11         6    1    2    6    8    7    3    10   10   8    10   7    9    4    11   8    11   11   8    11   8    9    7    7    7    9    7    5    
2          0.001998001998001998   448.722222222223       13         1    2    3    4    12   9    5    10   10   12   10   9    13   9    11   12   11   11   6    11   12   13   9    9    9    13   7    8    
2          0.001998001998001998   447.5978835978838      11         4    6    1    4    9    5    2    7    7    9    7    5    11   3    8    10   8    8    10   8    9    11   5    5    5    11   5    6    
1          9.99000999000999E-4    444.26190476190584     14         9    1    2    9    11   10   3    13   4    11   13   10   5    6    14   11   14   14   7    14   11   12   10   10   10   12   10   8    
1          9.99000999000999E-4    436.66137566137616     11         4    1    7    4    8    5    7    10   10   8    10   5    9    6    11   8    11   2    8    11   8    9    5    5    5    9    6    3    
3          0.002997002997002997   430.3333333333342      13         7    1    2    7    9    8    3    12   12   10   12   8    11   8    13   9    13   13   4    13   10   11   8    8    8    11   5    6    
15         0.014985014985014986   427.6772486772492      11         4    1    9    4    10   5    2    7    7    10   7    5    11   6    8    10   8    8    9    8    10   11   5    5    5    11   6    3    
1          9.99000999000999E-4    422.4338624338635      13         7    1    2    7    11   8    3    10   10   11   10   9    12   4    13   11   13   13   5    13   11   12   9    9    9    12   8    6    
1          9.99000999000999E-4    421.1349206349209      13         7    1    2    7    10   8    3    12   4    10   12   8    9    5    13   11   13   13   11   13   10   9    8    8    8    9    8    6    
3          0.002997002997002997   421.1296296296308      13         8    1    2    8    12   9    3    10   10   12   10   9    13   4    11   12   11   11   5    11   12   13   9    9    9    6    9    7    
1          9.99000999000999E-4    416.89153439153426     11         5    1    7    5    8    6    2    10   3    8    10   6    9    6    11   8    11   11   7    11   8    9    6    6    6    9    6    4    
1          9.99000999000999E-4    416.7486772486775      12         5    1    2    5    9    6    3    11   11   9    11   7    10   8    12   9    12   12   9    12   9    10   7    6    6    10   8    4    
1          9.99000999000999E-4    406.83597883597923     14         8    1    2    8    11   9    3    13   13   11   13   9    12   10   14   4    14   14   5    14   11   12   9    9    9    6    10   7    
2          0.001998001998001998   403.4365079365086      11         6    1    10   6    10   7    2    8    8    10   8    7    11   7    9    10   9    9    3    9    10   11   7    7    7    11   4    5    
1          9.99000999000999E-4    402.43915343915364     15         9    1    2    9    11   10   3    4    14   11   14   5    13   6    15   12   15   15   12   15   11   13   10   10   10   13   7    8    
1          9.99000999000999E-4    398.52380952381014     13         6    1    9    6    10   7    2    12   3    10   12   7    11   8    13   9    13   13   4    13   10   11   7    7    7    11   8    5    
1          9.99000999000999E-4    395.8544973544977      13         8    1    10   8    11   9    10   2    3    11   4    9    12   5    13   11   13   13   6    13   11   12   9    9    9    12   9    7    
2          0.001998001998001998   395.3280423280428      13         7    1    11   7    11   8    2    9    9    12   9    8    13   3    10   11   10   10   4    10   12   13   8    8    8    13   5    6    
1          9.99000999000999E-4    394.3703703703715      11         5    11   1    5    2    10   3    6    6    8    6    10   9    10   7    8    7    7    4    7    8    9    10   10   10   9    10   11   
2          0.001998001998001998   386.36772486772577     13         7    1    9    7    10   8    2    12   12   10   12   8    11   3    13   4    13   13   9    13   10   11   8    8    8    11   5    6    
4          0.003996003996003996   386.2354497354507      13         7    1    9    7    10   8    2    12   12   10   12   8    11   3    13   9    13   13   4    13   10   11   8    8    8    11   5    6    
1          9.99000999000999E-4    382.5873015873021      13         6    1    11   6    11   7    2    9    9    12   9    8    13   8    10   12   10   10   3    10   12   13   7    7    7    13   4    5    
1          9.99000999000999E-4    382.30687830687873     12         5    1    9    5    10   6    2    8    8    10   8    7    11   3    12   10   12   12   9    12   10   11   7    6    6    11   6    4    
1          9.99000999000999E-4    381.86507936507985     14         8    1    2    8    11   9    3    13   13   11   13   10   12   4    14   5    14   14   6    14   11   12   10   9    9    12   10   7    
3          0.002997002997002997   377.9179894179896      14         9    1    2    9    3    10   4    11   11   13   11   10   14   5    12   13   12   12   6    12   13   14   10   10   10   14   7    8    
4          0.003996003996003996   377.833333333334       15         10   1    2    10   12   11   3    14   4    12   14   11   13   5    15   6    15   15   7    15   12   13   11   11   11   13   8    9    
1          9.99000999000999E-4    375.777777777778       12         1    2    9    3    9    8    4    11   11   9    11   8    10   8    12   9    12   12   5    12   9    10   8    8    8    10   6    7    
1          9.99000999000999E-4    374.5899470899478      13         1    2    9    3    10   7    4    12   12   10   12   5    11   8    13   10   13   13   9    13   10   11   7    7    7    11   8    6    
1          9.99000999000999E-4    370.2169312169313      14         7    1    12   7    13   8    2    10   3    13   10   4    14   9    11   12   11   11   5    11   13   14   8    8    8    14   9    6    
1          9.99000999000999E-4    366.60846560846625     12         6    1    2    6    11   7    3    9    9    11   9    7    12   8    10   4    10   10   11   10   11   12   7    7    7    12   8    5    
1          9.99000999000999E-4    366.2645502645509      12         7    1    10   7    10   8    2    11   11   10   11   8    12   3    9    10   9    9    4    9    10   12   8    8    8    12   5    6    
1          9.99000999000999E-4    365.02910052910073     13         7    1    10   7    10   2    3    12   12   10   12   8    11   9    13   4    13   13   5    13   10   11   8    8    8    11   9    6    
2          0.001998001998001998   363.83068783068853     12         6    1    9    6    9    7    2    10   10   9    10   7    11   8    12   3    12   12   4    12   9    11   7    7    7    11   8    5    
1          9.99000999000999E-4    363.16931216931306     15         10   1    2    10   3    11   4    12   12   14   12   11   15   5    13   6    13   13   7    13   14   15   11   11   11   15   8    9    
1          9.99000999000999E-4    361.46296296296345     14         8    1    10   8    11   9    2    14   14   11   14   9    3    4    13   10   13   13   5    13   11   12   9    9    9    12   6    7    
1          9.99000999000999E-4    359.57671957672045     8          1    8    3    1    4    2    3    6    6    4    6    2    5    2    7    4    7    7    3    7    4    5    2    2    2    5    2    8    
4          0.003996003996003996   359.32804232804307     14         8    1    2    8    12   9    3    10   10   13   10   9    14   4    11   12   11   11   5    11   13   14   9    9    9    14   6    7    
1          9.99000999000999E-4    357.9788359788354      9          1    4    5    2    5    3    6    7    7    5    7    3    8    3    9    5    9    9    6    9    5    8    3    3    3    8    3    4    
1          9.99000999000999E-4    357.3835978835979      16         11   1    2    11   13   3    4    15   15   13   15   5    14   6    16   13   16   16   7    16   13   14   8    12   12   14   9    10   
1          9.99000999000999E-4    357.30952380952476     15         10   1    2    10   3    11   4    13   13   12   13   11   5    6    14   12   14   14   7    14   12   15   11   11   11   15   8    9    
1          9.99000999000999E-4    351.79894179894177     14         9    1    12   9    12   10   2    3    4    12   5    10   14   6    11   13   11   11   13   11   12   14   10   10   10   14   7    8    
3          0.002997002997002997   350.68518518518556     12         5    8    1    5    11   6    2    9    9    11   9    6    12   7    10   3    10   10   4    10   11   12   6    6    6    12   7    8    
1          9.99000999000999E-4    348.3068783068788      12         5    8    1    5    11   6    2    9    3    11   9    6    12   7    10   11   10   10   4    10   11   12   6    6    6    12   7    8    
3          0.002997002997002997   347.6243386243392      14         9    1    2    9    13   10   3    11   11   13   11   4    14   5    12   13   12   12   6    12   13   14   10   10   10   14   7    8    
2          0.001998001998001998   339.80687830687845     13         7    1    12   7    12   8    2    10   10   12   10   8    13   3    11   12   11   11   4    11   12   13   8    9    9    13   5    6    
2          0.001998001998001998   338.20105820105846     13         8    1    2    8    12   9    3    10   10   12   10   9    13   4    11   5    11   11   6    11   12   13   9    9    9    13   9    7    
1          9.99000999000999E-4    337.68783068783125     16         12   1    2    12   16   13   3    14   4    16   14   13   5    6    15   16   15   15   7    15   16   8    13   13   13   9    10   11   
1          9.99000999000999E-4    337.3968253968255      18         14   1    2    14   18   15   3    16   4    18   16   5    6    7    17   8    17   17   9    17   18   10   15   15   15   11   12   13   
1          9.99000999000999E-4    337.14814814814827     11         5    1    9    5    10   6    2    7    7    10   7    6    11   3    8    10   8    8    9    8    10   11   6    6    4    11   6    7    
1          9.99000999000999E-4    337.0158730158731      13         8    1    10   8    10   9    2    3    11   10   11   9    13   4    12   10   12   12   5    12   10   13   9    9    9    13   6    7    
3          0.002997002997002997   332.62962962963        10         5    7    1    5    9    6    2    7    7    9    7    6    10   6    8    9    8    8    3    8    9    10   6    6    6    10   6    4    
2          0.001998001998001998   330.8994708994711      11         6    1    10   6    10   7    2    8    8    10   8    7    11   3    9    10   9    9    4    9    10   11   7    7    7    11   7    5    
1          9.99000999000999E-4    327.67460317460336     15         10   1    2    10   3    11   4    14   14   12   5    11   13   6    15   7    15   15   12   15   12   13   11   11   11   13   8    9    
2          0.001998001998001998   327.63227513227514     14         9    1    2    9    13   10   3    11   4    13   11   10   14   5    12   6    12   12   7    12   13   14   10   10   10   14   10   8    
1          9.99000999000999E-4    325.9497354497359      11         5    1    10   5    10   6    2    8    8    10   8    6    11   6    9    10   9    9    3    9    10   11   7    6    6    11   7    4    
2          0.001998001998001998   325.9153439153442      10         5    1    2    5    7    6    3    9    9    7    9    6    8    6    10   7    10   10   4    10   7    8    6    6    6    8    6    9    
1          9.99000999000999E-4    325.8597883597882      14         1    2    3    4    14   10   5    11   11   14   11   10   13   6    12   14   12   12   7    12   14   13   8    10   10   13   10   9    
2          0.001998001998001998   325.2063492063495      13         6    9    1    6    12   7    2    10   10   12   10   8    13   3    11   12   11   11   4    11   12   13   8    7    7    13   5    9    
2          0.001998001998001998   324.30158730158723     10         4    1    9    4    9    5    2    7    7    9    7    5    10   6    8    9    8    8    9    8    9    10   5    5    5    10   6    3    
1          9.99000999000999E-4    322.2010582010583      9          2    4    5    2    6    3    5    8    8    6    8    3    7    1    9    6    9    9    5    9    6    7    3    3    3    7    3    4    
1          9.99000999000999E-4    319.7645502645502      13         7    9    10   7    1    8    2    9    9    11   9    8    12   3    13   4    13   13   10   13   11   12   8    8    8    12   5    6    
1          9.99000999000999E-4    319.5396825396825      13         7    1    2    7    12   8    3    10   10   12   10   8    13   4    11   12   11   11   5    11   12   13   9    9    9    13   9    6    
2          0.001998001998001998   318.32010582010577     11         5    1    7    5    8    6    2    10   10   8    10   6    9    6    11   7    11   11   7    11   8    9    6    6    6    9    3    4    
1          9.99000999000999E-4    315.5899470899471      13         7    1    11   7    11   8    2    9    9    12   9    8    13   3    10   4    10   10   5    10   12   13   8    8    8    13   8    6    
1          9.99000999000999E-4    315.4391534391534      12         6    1    2    6    9    7    3    11   11   9    11   8    10   7    12   9    12   12   4    12   9    10   8    7    7    10   7    5    
4          0.003996003996003996   315.06878306878355     11         4    1    7    4    8    5    7    9    9    8    9    5    10   6    11   8    11   11   2    11   8    10   5    5    5    10   6    3    
1          9.99000999000999E-4    312.1084656084656      10         5    1    2    5    7    6    7    9    9    7    9    6    8    3    10   7    10   10   4    10   7    8    6    6    6    8    6    9    
2          0.001998001998001998   311.7513227513231      13         7    1    2    7    12   8    3    11   11   12   11   9    13   4    10   12   10   10   5    10   12   13   9    8    8    13   9    6    
2          0.001998001998001998   310.56613756613774     13         7    9    1    7    10   8    2    12   12   10   12   8    11   3    13   10   13   13   4    13   10   5    8    8    8    11   6    9    
1          9.99000999000999E-4    309.43650793650824     14         9    1    2    9    13   3    4    11   11   13   11   10   14   5    12   6    12   12   7    12   13   14   10   10   10   14   10   8    
2          0.001998001998001998   309.28306878306927     12         5    1    9    5    10   6    9    7    7    10   7    6    12   2    8    11   8    8    11   8    10   12   6    6    6    12   3    4    
1          9.99000999000999E-4    307.9179894179897      12         5    8    1    5    10   6    2    12   12   10   12   7    11   6    9    10   9    9    3    9    10   11   7    6    6    11   4    8    
2          0.001998001998001998   307.6190476190476      14         9    1    2    9    13   10   3    12   12   13   12   10   14   4    11   13   11   5    6    11   13   14   10   10   10   14   7    8    
4          0.003996003996003996   307.02910052910073     12         7    1    2    7    11   8    3    10   10   11   10   8    12   4    9    11   9    9    11   9    11   12   8    8    8    12   5    6    
2          0.001998001998001998   306.5423280423282      12         4    1    8    4    9    5    2    11   11   9    11   5    10   7    12   9    12   12   8    12   9    10   5    6    6    10   7    3    
2          0.001998001998001998   301.84126984127005     14         9    1    2    9    13   10   3    12   12   13   12   10   14   4    11   5    11   6    7    11   13   14   10   10   10   14   10   8    
1          9.99000999000999E-4    301.4497354497353      11         1    11   6    2    3    5    6    9    9    7    9    5    8    5    10   7    10   10   4    10   7    8    5    5    5    8    5    11   
1          9.99000999000999E-4    299.89417989417984     11         5    1    10   5    10   6    2    8    8    10   8    6    11   7    9    10   9    9    3    9    10   11   7    7    7    11   6    4    
1          9.99000999000999E-4    297.6904761904762      11         4    6    1    4    9    5    2    7    7    10   7    5    11   3    8    9    8    8    9    8    10   11   5    5    5    11   5    6    
1          9.99000999000999E-4    297.14285714285705     11         4    7    7    4    8    5    1    10   10   8    10   6    9    6    11   8    11   11   2    11   8    9    6    5    5    9    6    3    
1          9.99000999000999E-4    296.8518518518521      13         7    11   1    7    9    8    2    12   3    9    12   8    10   4    13   9    13   13   5    13   9    10   8    8    8    6    8    11   
1          9.99000999000999E-4    296.8386243386241      16         11   1    2    11   14   12   3    15   4    14   15   12   16   5    13   6    13   13   7    13   14   16   12   12   12   8    9    10   
1          9.99000999000999E-4    296.6216931216933      13         7    1    2    7    13   3    4    10   10   13   10   8    12   5    11   13   11   11   6    11   13   12   9    8    9    12   9    10   
1          9.99000999000999E-4    295.5634920634922      13         8    1    2    8    10   9    3    11   11   10   11   9    12   4    13   10   13   13   10   13   10   12   9    9    9    5    6    7    
1          9.99000999000999E-4    294.97089947089955     11         6    1    2    6    10   7    3    8    4    10   8    7    11   7    9    10   9    9    5    9    10   11   7    7    7    11   7    8    
1          9.99000999000999E-4    294.7275132275136      14         1    2    3    4    10   9    5    13   13   10   13   9    12   6    14   11   14   14   11   14   10   12   9    9    9    12   7    8    
1          9.99000999000999E-4    292.17460317460296     11         4    7    1    4    10   5    2    8    8    10   8    6    11   5    9    10   9    9    3    9    10   11   6    5    5    11   5    7    
1          9.99000999000999E-4    291.8201058201059      14         10   1    2    10   12   11   3    4    5    12   6    11   13   7    14   12   14   14   8    14   12   13   11   11   11   13   11   9    
1          9.99000999000999E-4    290.97619047619065     13         6    8    1    6    11   7    2    9    3    12   9    7    13   4    10   11   10   10   5    10   12   13   7    7    7    13   7    8    
3          0.002997002997002997   289.7380952380952      14         8    1    2    8    11   9    3    13   13   11   13   9    12   4    14   11   14   14   5    14   11   12   9    10   10   12   6    7    
1          9.99000999000999E-4    288.9444444444443      15         9    1    2    9    14   10   3    12   4    14   12   10   15   5    13   6    13   13   7    13   14   15   10   10   11   15   11   8    
1          9.99000999000999E-4    288.825396825397       11         5    8    1    5    10   6    2    8    8    10   8    7    11   7    9    10   9    9    3    9    10   11   6    6    6    11   7    4    
1          9.99000999000999E-4    286.9761904761905      12         6    1    2    6    9    7    3    11   11   9    11   8    10   8    12   9    12   12   4    12   9    10   8    7    7    10   8    5    
1          9.99000999000999E-4    286.8571428571429      11         6    1    2    6    10   7    3    8    8    10   8    7    11   7    9    4    9    9    5    9    10   11   7    7    7    11   7    8    
1          9.99000999000999E-4    284.37830687830694     13         8    10   1    8    12   9    2    10   10   12   10   9    13   3    11   4    11   11   5    11   12   13   9    9    9    13   6    7    
1          9.99000999000999E-4    284.0396825396826      13         7    1    2    7    12   8    3    10   10   12   10   8    13   9    11   12   11   11   4    11   5    13   8    8    8    13   9    6    
1          9.99000999000999E-4    283.40740740740716     9          3    1    7    3    8    4    2    5    5    8    5    4    9    4    6    8    6    6    7    6    8    9    4    4    4    9    4    5    
1          9.99000999000999E-4    282.9338624338626      15         9    1    2    9    14   10   3    4    12   14   12   10   15   5    13   14   13   13   6    13   14   15   10   11   11   15   7    8    
4          0.003996003996003996   280.58201058201064     10         2    5    6    2    7    3    1    8    8    7    8    3    9    4    10   7    10   10   6    10   7    9    3    3    3    9    4    5    
2          0.001998001998001998   277.17724867724877     13         7    1    2    7    11   8    3    9    9    12   9    8    13   4    10   12   10   10   11   10   12   13   8    8    8    13   5    6    
1          9.99000999000999E-4    276.7222222222223      14         8    1    2    8    13   9    3    12   12   13   12   9    14   4    11   13   11   11   5    11   13   14   10   10   10   14   6    7    
1          9.99000999000999E-4    275.73280423280426     9          3    1    2    3    7    4    8    5    5    7    5    4    9    4    6    7    6    6    8    6    7    9    4    4    4    9    4    5    
1          9.99000999000999E-4    273.1349206349205      12         6    8    1    6    9    7    2    11   11   9    11   7    10   3    12   9    12   12   8    12   9    10   7    7    7    10   4    5    
1          9.99000999000999E-4    272.6190476190475      13         7    1    2    7    11   8    3    4    12   11   12   8    10   9    13   11   13   13   5    13   11   10   8    8    8    10   9    6    
1          9.99000999000999E-4    271.7883597883599      13         5    1    10   5    11   6    2    12   3    11   12   6    9    8    13   11   13   13   10   13   11   9    6    7    7    9    8    4    
1          9.99000999000999E-4    271.57407407407413     12         5    1    2    5    10   6    11   8    8    10   8    6    12   7    9    3    9    9    11   9    10   12   6    6    6    12   7    4    
1          9.99000999000999E-4    269.64021164021153     14         8    1    2    8    11   9    3    12   4    11   12   5    13   10   14   11   14   14   6    14   11   13   9    9    9    13   10   7    
1          9.99000999000999E-4    269.2883597883599      14         9    1    2    9    13   10   3    11   11   13   11   10   14   4    12   5    12   12   6    12   13   7    10   10   10   14   10   8    
1          9.99000999000999E-4    268.494708994709       12         5    8    1    5    9    6    2    11   11   9    11   6    3    7    12   9    12   12   4    12   9    10   6    6    6    10   7    8    
1          9.99000999000999E-4    266.2222222222222      12         5    8    1    5    11   6    2    9    9    11   9    6    12   7    10   11   10   3    4    10   11   12   6    6    6    12   7    8    
9          0.008991008991008992   266.1772486772487      10         5    1    7    5    7    6    2    9    9    7    9    6    8    6    10   7    10   10   3    10   7    8    6    6    6    8    6    4    
1          9.99000999000999E-4    265.65343915343897     13         6    1    2    6    10   7    3    11   11   10   11   8    12   9    13   10   13   13   4    13   10   12   7    7    8    12   9    5    
1          9.99000999000999E-4    265.5740740740739      11         5    1    2    5    8    6    7    10   10   8    10   6    9    6    11   8    11   11   7    11   8    9    6    6    6    9    3    4    
1          9.99000999000999E-4    265.33597883597895     12         5    1    8    5    9    6    8    11   11   9    2    6    10   7    12   9    12   12   3    12   9    10   6    6    6    10   7    4    
1          9.99000999000999E-4    263.1719576719574      14         1    2    3    4    13   10   5    11   11   13   11   10   14   6    12   13   12   7    8    12   13   14   10   10   10   14   10   9    
1          9.99000999000999E-4    261.05555555555526     13         7    1    2    7    9    8    3    11   11   9    11   8    10   4    12   9    12   13   5    13   9    10   8    8    8    10   8    6    
2          0.001998001998001998   260.26984126984127     12         5    1    2    5    9    6    3    11   11   10   11   6    8    7    12   10   12   12   9    12   10   8    6    6    6    8    7    4    
1          9.99000999000999E-4    259.259259259259       13         6    1    9    6    10   7    2    12   12   10   12   7    11   3    13   9    13   13   9    13   10   11   8    7    8    11   4    5    
1          9.99000999000999E-4    254.6878306878308      12         6    9    1    6    11   7    2    9    9    11   9    8    12   3    10   11   10   10   4    10   11   12   8    8    7    12   7    5    
4          0.003996003996003996   254.22222222222243     14         9    1    2    9    13   10   3    11   11   13   4    10   14   5    12   13   12   12   6    12   13   14   10   10   10   14   7    8    
1          9.99000999000999E-4    253.55555555555537     13         7    1    2    7    12   8    3    10   10   12   10   8    13   4    11   12   11   11   12   11   12   13   9    9    9    13   5    6    
2          0.001998001998001998   253.24867724867738     14         9    1    2    9    12   10   3    11   11   12   11   10   13   4    14   12   14   14   5    14   12   6    10   10   10   13   7    8    
1          9.99000999000999E-4    251.616402116402       14         8    1    2    8    13   9    3    12   12   13   12   9    14   10   11   4    11   5    6    11   13   14   9    9    9    14   10   7    
1          9.99000999000999E-4    251.4126984126984      11         5    1    8    5    8    6    2    10   10   8    10   7    9    7    11   8    11   11   3    11   8    9    7    6    6    9    6    4    
1          9.99000999000999E-4    251.0687830687832      11         4    6    1    4    7    5    6    9    9    7    9    5    10   2    11   7    11   11   8    11   7    10   5    5    5    10   3    8    
1          9.99000999000999E-4    249.57671957671917     11         3    6    9    3    10   4    1    7    7    10   7    4    11   5    8    10   8    2    9    8    10   11   4    4    4    11   5    6    
2          0.001998001998001998   249.51322751322718     13         7    1    9    7    10   8    9    12   12   10   12   8    11   2    13   3    13   13   4    13   10   11   8    8    8    11   5    6    
1          9.99000999000999E-4    248.18518518518513     11         5    1    7    5    8    6    7    10   2    8    10   6    9    3    11   8    11   11   8    11   8    9    6    6    6    9    6    4    
1          9.99000999000999E-4    246.021164021164       14         8    1    2    8    11   9    3    4    13   11   13   9    12   5    14   11   14   14   6    14   11   12   9    10   10   12   10   7    
1          9.99000999000999E-4    241.48677248677274     12         6    1    2    6    11   7    3    10   10   11   10   8    12   7    9    4    9    9    5    9    11   12   8    7    7    12   8    10   
1          9.99000999000999E-4    241.1507936507934      13         7    1    10   7    2    8    10   12   12   11   12   8    13   3    9    11   9    9    4    9    11   13   8    8    8    13   5    6    
1          9.99000999000999E-4    240.71957671957685     13         6    9    1    6    12   7    2    11   11   12   11   7    13   8    10   3    10   4    5    10   12   13   7    7    7    13   8    9    
5          0.004995004995004995   238.70370370370387     12         7    1    2    7    12   8    3    9    9    12   9    8    11   8    10   4    10   10   5    10   12   11   8    8    8    11   8    6    
1          9.99000999000999E-4    238.56878306878303     14         9    1    11   9    2    10   3    12   12   11   12   10   13   10   14   4    14   14   5    14   11   6    10   10   10   13   7    8    
1          9.99000999000999E-4    238.2063492063494      14         8    1    2    8    12   9    3    4    13   12   13   9    14   10   11   5    11   11   6    11   12   14   9    9    9    14   10   7    
1          9.99000999000999E-4    237.27777777777789     16         1    2    3    4    15   12   5    14   6    15   14   7    16   12   13   8    13   13   9    13   15   16   12   12   12   16   10   11   
1          9.99000999000999E-4    236.57407407407416     15         1    2    3    4    12   9    5    14   14   12   14   10   13   6    15   12   15   15   7    15   12   13   9    11   11   13   10   8    
1          9.99000999000999E-4    234.11375661375664     14         8    1    2    8    11   9    3    13   13   11   4    9    12   5    14   11   14   14   6    14   11   12   9    10   10   12   9    7    
2          0.001998001998001998   232.46296296296302     15         10   1    2    10   12   11   3    14   14   12   4    11   13   5    15   6    15   15   7    15   12   13   11   11   11   13   8    9    
1          9.99000999000999E-4    231.3518518518519      16         10   12   1    10   15   11   2    14   14   15   14   3    16   4    13   5    13   13   6    13   15   16   7    11   11   8    9    12   
1          9.99000999000999E-4    228.9947089947088      13         7    9    1    7    10   8    2    12   3    10   12   8    11   4    13   10   13   5    6    13   10   11   8    8    8    11   8    9    
1          9.99000999000999E-4    226.579365079365       12         6    1    11   6    11   7    2    10   10   11   10   8    12   7    9    11   9    9    3    9    11   12   4    7    7    12   8    5    
1          9.99000999000999E-4    223.49999999999977     16         1    2    3    4    13   5    6    14   14   13   14   12   16   7    15   13   15   15   8    15   13   16   12   11   11   16   9    10   
1          9.99000999000999E-4    221.93121693121714     12         7    1    2    7    11   8    3    4    9    11   9    8    12   8    10   11   10   10   5    10   11   12   8    8    8    12   8    6    
1          9.99000999000999E-4    220.8439153439151      12         1    7    2    3    8    6    4    10   10   8    10   6    11   6    12   9    12   12   9    12   8    11   6    6    6    11   5    7    
3          0.002997002997002997   220.0343915343914      11         5    8    1    5    9    6    2    10   10   9    10   6    11   7    8    9    8    8    3    8    9    11   6    6    6    11   7    4    
1          9.99000999000999E-4    218.5026455026454      13         6    1    9    6    10   7    2    12   12   10   12   8    11   3    13   4    13   13   9    13   10   11   7    8    8    11   8    5    
1          9.99000999000999E-4    217.94179894179882     12         6    1    2    6    11   7    3    9    9    11   9    7    12   8    10   11   10   10   4    10   11   12   8    7    7    12   7    5    
1          9.99000999000999E-4    216.42857142857125     13         7    1    2    7    12   8    3    13   13   12   13   8    10   4    11   12   11   11   5    11   12   10   9    8    8    10   9    6    
1          9.99000999000999E-4    216.03174603174594     10         3    6    7    3    8    4    7    9    9    8    9    4    6    5    10   8    10   10   1    10   8    6    4    4    4    6    5    2    
1          9.99000999000999E-4    214.11640211640204     12         6    1    11   6    11   7    2    9    9    11   9    7    12   3    10   11   10   10   11   10   11   12   7    8    8    12   4    5    
1          9.99000999000999E-4    213.64021164021153     16         10   1    2    10   15   11   3    13   4    15   13   11   16   5    14   6    14   14   7    14   15   16   11   12   12   16   8    9    
1          9.99000999000999E-4    211.71693121693124     14         9    1    12   9    13   10   12   11   11   13   2    10   3    10   14   13   14   14   4    14   13   5    10   10   10   6    7    8    
1          9.99000999000999E-4    208.63492063492038     14         8    1    2    8    10   9    3    13   13   10   13   9    12   4    14   11   14   5    11   14   10   12   9    9    9    12   6    7    
1          9.99000999000999E-4    207.14550264550263     13         5    1    10   5    10   6    2    9    9    11   9    7    12   8    13   11   13   13   3    13   11   12   6    6    7    12   8    4    
2          0.001998001998001998   206.57142857142864     14         9    1    2    9    13   10   3    12   12   13   12   10   14   4    11   13   11   11   5    11   13   14   10   10   10   6    7    8    
1          9.99000999000999E-4    204.4074074074074      16         11   1    2    11   13   12   3    15   4    13   15   12   14   5    16   6    16   7    8    16   13   14   12   12   12   14   9    10   
1          9.99000999000999E-4    204.24338624338608     15         8    1    2    8    12   9    3    14   14   12   4    9    13   11   15   12   15   5    6    15   12   13   9    10   10   13   11   7    
1          9.99000999000999E-4    204.1957671957672      15         8    1    2    8    13   9    3    11   11   14   11   9    15   4    12   13   12   5    6    12   14   15   10   10   10   15   10   7    
1          9.99000999000999E-4    202.79629629629596     11         5    7    8    5    9    6    8    10   10   9    10   6    7    1    11   9    11   11   2    11   9    7    6    6    6    7    3    4    
2          0.001998001998001998   201.88095238095224     13         7    1    2    7    12   8    3    10   10   12   10   8    13   9    11   12   11   11   4    11   12   13   9    8    8    13   5    6    
1          9.99000999000999E-4    201.4100529100529      16         11   1    2    11   13   12   3    4    14   13   14   12   15   5    16   6    16   7    8    16   13   15   12   12   12   15   9    10   
1          9.99000999000999E-4    201.39947089947083     10         3    6    7    3    8    4    1    9    9    8    9    4    10   5    6    8    6    6    7    6    8    10   4    4    4    10   5    2    
1          9.99000999000999E-4    201.00793650793628     12         5    7    9    5    10   6    9    11   11   10   11   6    8    1    12   10   12   12   2    12   10   8    6    6    6    7    3    4    
1          9.99000999000999E-4    200.37037037037007     11         4    1    9    4    9    5    2    7    7    10   7    5    11   6    8    10   8    8    9    8    10   11   5    5    5    11   6    3    
1          9.99000999000999E-4    197.8968253968255      10         4    7    1    4    8    5    2    9    9    8    9    5    7    6    10   8    10   10   8    10   8    7    5    5    5    7    6    3    
1          9.99000999000999E-4    196.5555555555556      11         4    7    8    4    9    5    1    10   10   9    10   5    7    6    11   2    11   11   8    11   9    7    5    5    5    7    6    3    
1          9.99000999000999E-4    195.37037037037027     16         10   1    2    10   3    11   4    14   5    12   14   11   13   6    15   7    16   15   12   16   12   13   11   11   11   13   8    9    
1          9.99000999000999E-4    192.32804232804222     9          4    6    1    4    8    5    2    6    6    8    6    5    9    5    7    8    7    7    3    7    8    9    5    5    5    9    5    6    
1          9.99000999000999E-4    191.87830687830666     10         3    5    7    3    7    4    8    9    9    7    9    4    10   1    6    7    6    6    8    6    7    10   4    4    4    10   2    5    
1          9.99000999000999E-4    190.0291005291004      11         4    6    9    4    10   5    1    7    7    10   7    5    11   5    8    10   8    8    9    8    10   2    5    5    5    11   3    6    
1          9.99000999000999E-4    189.49206349206332     15         9    1    2    9    14   3    4    12   12   14   12   5    15   11   13   6    13   13   7    13   14   15   10   11   11   15   10   8    
1          9.99000999000999E-4    189.04497354497363     14         1    2    12   3    4    8    5    10   10   13   10   8    14   9    11   12   11   11   6    11   13   14   8    8    8    14   9    7    
1          9.99000999000999E-4    188.54761904761887     13         7    9    1    7    12   8    2    11   3    12   11   8    13   8    10   12   10   4    5    10   12   13   8    8    8    13   6    9    
1          9.99000999000999E-4    188.14550264550272     12         4    1    10   4    11   5    2    8    8    11   8    6    12   7    9    11   9    9    10   9    11   12   6    5    5    12   7    3    
2          0.001998001998001998   185.91269841269826     11         3    11   6    3    7    4    1    8    8    7    8    4    9    5    10   6    10   10   2    10   7    9    4    4    4    9    5    11   
1          9.99000999000999E-4    184.02380952380963     13         7    1    2    7    10   8    3    12   12   10   12   9    11   9    13   10   13   13   4    13   10   11   9    8    8    11   5    6    
1          9.99000999000999E-4    182.6666666666666      13         7    1    2    7    9    8    10   12   12   9    12   8    11   8    13   9    13   13   10   13   9    11   3    8    8    4    5    6    
2          0.001998001998001998   181.97619047619045     15         11   1    2    11   14   12   3    4    5    14   6    12   15   7    13   14   13   13   8    13   14   15   12   12   12   15   9    10   
1          9.99000999000999E-4    181.4444444444445      13         6    1    2    6    10   7    3    12   12   10   4    8    11   8    13   10   13   13   10   13   10   11   8    9    9    11   7    5    
1          9.99000999000999E-4    181.12433862433855     12         5    7    1    5    11   6    2    8    8    12   8    6    10   3    9    11   9    9    12   9    12   10   6    6    6    10   4    7    
1          9.99000999000999E-4    180.1507936507936      12         6    1    8    6    9    7    2    11   3    9    11   7    10   7    12   4    12   12   8    12   9    10   7    7    7    10   7    5    
1          9.99000999000999E-4    179.3465608465607      15         9    1    2    9    12   10   3    14   14   12   14   10   13   11   15   4    15   15   5    15   12   13   6    11   11   13   7    8    
2          0.001998001998001998   177.4629629629628      12         5    1    10   5    10   6    2    9    9    11   9    6    12   7    8    10   8    8    3    8    11   12   6    6    6    12   7    4    
1          9.99000999000999E-4    172.57142857142853     13         1    9    10   2    11   8    10   12   12   11   12   8    9    3    13   11   13   4    5    13   11   9    8    8    8    9    6    7    
1          9.99000999000999E-4    172.0343915343916      13         8    1    2    8    10   9    3    12   12   10   12   4    11   5    13   10   13   13   6    13   10   11   9    9    9    11   9    7    
1          9.99000999000999E-4    171.72486772486752     14         9    1    2    9    3    10   4    12   12   5    12   10   14   10   11   13   11   11   6    11   13   14   10   10   10   14   7    8    
2          0.001998001998001998   170.61640211640216     13         7    1    2    7    10   8    3    12   12   10   4    8    11   9    13   10   13   13   5    13   10   11   8    8    8    11   9    6    
1          9.99000999000999E-4    169.2116402116402      15         10   1    2    10   14   11   3    12   4    14   12   11   15   5    13   14   13   13   6    13   14   7    11   11   11   15   8    9    
1          9.99000999000999E-4    168.15079365079342     15         10   1    2    10   12   3    4    14   14   12   14   11   13   5    15   6    15   15   7    15   12   13   11   11   11   13   8    9    
1          9.99000999000999E-4    166.7169312169312      10         4    6    7    4    7    5    1    9    9    7    9    5    8    2    10   7    10   10   3    10   7    8    5    5    5    8    5    6    
1          9.99000999000999E-4    165.60317460317455     13         8    1    10   8    10   9    2    12   3    10   12   9    11   4    13   10   13   13   5    13   10   11   9    9    9    11   6    7    
1          9.99000999000999E-4    165.56878306878306     12         5    1    8    5    9    6    2    11   3    9    11   6    10   7    12   8    12   12   8    12   9    10   6    6    6    10   7    4    
1          9.99000999000999E-4    162.76719576719572     13         6    1    9    6    10   7    2    12   3    10   12   8    11   7    13   10   13   13   9    13   10   11   8    7    7    11   4    5    
1          9.99000999000999E-4    160.8280423280423      11         5    7    8    5    8    6    1    9    9    8    9    6    10   2    11   3    11   11   4    11   8    10   6    6    6    10   6    7    
2          0.001998001998001998   158.4259259259258      12         7    1    2    7    3    8    4    11   11   9    11   8    10   8    12   9    12   12   5    12   9    10   8    8    8    10   8    6    
3          0.002997002997002997   157.9973544973544      9          2    5    7    2    7    3    1    9    9    7    9    3    8    4    6    7    6    6    7    6    7    8    3    3    3    8    4    5    
1          9.99000999000999E-4    157.73544973544963     9          4    1    2    4    6    5    6    9    9    6    9    5    7    5    8    6    8    8    3    8    6    7    5    5    5    7    5    9    
1          9.99000999000999E-4    157.7275132275131      13         5    8    1    5    9    6    2    11   3    9    11   7    12   7    13   10   13   13   10   13   9    12   7    6    6    12   4    8    
2          0.001998001998001998   157.11640211640193     15         9    1    2    9    14   10   3    12   12   14   12   10   15   4    13   5    13   13   6    13   14   15   10   11   11   15   7    8    
1          9.99000999000999E-4    156.67460317460305     13         7    1    2    7    12   8    3    4    5    12   6    8    13   9    11   12   11   10   12   11   12   13   8    8    8    13   9    10   
1          9.99000999000999E-4    156.30158730158718     13         6    1    11   6    12   7    2    9    9    12   9    7    13   3    10   12   10   10   11   10   12   13   7    8    8    13   4    5    
1          9.99000999000999E-4    154.76719576719577     11         4    1    7    4    8    5    2    10   10   8    10   5    9    6    11   8    11   11   7    11   8    9    6    5    5    9    6    3    
1          9.99000999000999E-4    154.71164021164012     13         7    1    2    7    10   8    3    12   12   10   12   8    11   9    13   10   13   13   4    13   10   11   5    8    8    11   9    6    
1          9.99000999000999E-4    152.16402116402102     13         6    1    2    6    11   7    3    9    9    11   9    7    13   8    10   12   10   10   12   10   11   13   7    7    4    13   8    5    
1          9.99000999000999E-4    152.03439153439155     11         5    5    1    5    8    6    2    10   10   8    10   6    9    7    11   8    11   11   3    11   8    9    6    6    6    9    7    4    
1          9.99000999000999E-4    150.67989417989412     12         5    1    10   5    11   6    2    8    8    11   8    6    12   6    9    11   9    9    10   9    11   12   6    7    7    12   3    4    
1          9.99000999000999E-4    150.54497354497335     13         6    1    9    6    10   7    2    12   12   10   12   7    3    8    13   9    13   13   4    13   10   11   7    7    7    11   8    5    
1          9.99000999000999E-4    149.53439153439137     13         6    1    9    6    10   7    2    12   12   10   12   7    11   8    13   9    13   13   3    13   10   11   7    7    7    4    8    5    
1          9.99000999000999E-4    148.64021164021162     12         1    2    3    4    10   5    12   11   11   10   11   7    12   8    9    10   9    9    10   9    10   12   7    7    7    12   8    6    
1          9.99000999000999E-4    147.8703703703702      12         4    7    1    4    8    5    2    11   11   9    11   5    10   6    12   8    12   12   3    12   9    10   5    5    5    10   6    7    
1          9.99000999000999E-4    144.98677248677254     12         6    6    1    6    9    7    2    11   11   9    11   7    10   8    12   3    12   12   4    12   9    10   7    7    7    10   8    5    
1          9.99000999000999E-4    144.65873015873012     13         6    1    9    6    2    7    3    12   4    10   12   7    11   8    13   9    13   13   10   13   10   11   7    7    7    11   8    5    
1          9.99000999000999E-4    144.64550264550266     14         8    1    2    8    13   9    3    11   11   13   11   10   14   10   12   4    12   5    6    12   13   14   9    10   10   14   9    7    
1          9.99000999000999E-4    142.1772486772486      14         7    1    2    7    13   3    4    11   11   13   11   9    14   10   12   13   12   12   5    12   13   14   8    8    9    14   10   6    
1          9.99000999000999E-4    141.52645502645498     12         7    7    1    7    9    8    2    11   11   9    11   8    10   3    12   9    12   12   4    12   9    10   8    8    8    10   5    6    
1          9.99000999000999E-4    139.4814814814815      12         1    7    2    7    9    8    3    11   11   9    11   8    10   4    12   9    12   12   9    12   9    10   8    8    8    10   5    6    
1          9.99000999000999E-4    139.27513227513225     11         5    5    7    5    8    6    1    10   10   8    10   6    9    2    11   8    11   11   7    11   8    9    6    6    6    9    3    4    
1          9.99000999000999E-4    138.85449735449723     15         8    1    11   8    12   9    2    14   14   12   14   10   13   3    15   4    15   5    11   15   12   13   10   9    9    13   6    7    
1          9.99000999000999E-4    138.15079365079362     13         7    1    2    7    12   3    4    10   10   12   10   8    13   9    11   12   11   11   5    11   12   13   8    8    8    13   9    6    
1          9.99000999000999E-4    137.44179894179885     12         5    1    2    5    10   6    3    8    8    10   8    6    12   7    9    11   9    9    11   9    10   12   6    7    7    12   7    4    
1          9.99000999000999E-4    137.0793650793651      12         6    6    1    6    8    7    2    11   11   8    11   7    10   3    12   9    12   12   9    12   8    10   7    7    7    10   4    5    
1          9.99000999000999E-4    136.4206349206349      15         8    11   1    8    13   9    2    15   3    13   15   4    14   5    12   13   12   6    7    12   13   14   9    10   10   14   9    11   
1          9.99000999000999E-4    135.9788359788359      13         7    1    2    7    11   8    3    9    9    11   9    8    13   8    10   12   10   10   12   10   11   13   8    8    8    4    5    6    
13         0.012987012987012988   133.03174603174597     12         6    8    1    6    11   7    2    9    9    11   9    7    12   3    10   11   10   10   4    10   11   12   7    7    7    12   5    8    
1          9.99000999000999E-4    132.04497354497346     13         1    2    3    4    9    8    5    12   12   10   12   8    11   8    13   9    13   13   6    13   10   11   8    8    8    11   8    7    
1          9.99000999000999E-4    131.6269841269841      11         5    7    8    5    8    6    1    9    9    8    9    2    11   3    10   8    10   10   4    10   8    11   6    6    6    11   6    7    
3          0.002997002997002997   130.33597883597878     11         5    1    2    5    10   6    3    8    8    10   8    6    11   7    9    10   9    9    4    9    10   11   6    6    6    11   7    8    
1          9.99000999000999E-4    129.93915343915322     14         8    1    2    8    11   9    3    13   13   11   13   10   12   4    14   11   14   14   5    14   11   12   9    10   10   6    10   7    
2          0.001998001998001998   129.6851851851851      11         6    6    8    6    8    7    1    10   10   8    10   7    9    2    11   8    11   11   3    11   8    9    7    7    7    9    4    5    
1          9.99000999000999E-4    129.4179894179894      11         5    1    2    5    7    6    8    10   10   7    10   6    9    6    11   8    11   11   3    11   7    9    6    6    6    9    6    4    
1          9.99000999000999E-4    127.59523809523809     12         5    5    1    5    8    6    2    11   11   8    11   6    10   7    12   9    12   3    9    12   8    10   6    6    6    10   7    4    
1          9.99000999000999E-4    127.35185185185182     11         5    8    1    5    10   6    2    8    8    10   8    6    11   7    9    10   9    9    3    9    10   11   6    6    6    11   7    4    
1          9.99000999000999E-4    127.24603174603166     12         7    1    2    7    9    8    3    11   4    9    11   8    10   8    12   9    12   12   5    12   9    10   8    8    8    10   8    6    
1          9.99000999000999E-4    125.6719576719576      10         4    4    7    4    7    5    1    9    9    7    9    5    8    6    10   7    10   10   2    10   7    8    5    5    5    8    6    3    
1          9.99000999000999E-4    125.20899470899462     12         4    8    1    4    11   5    2    9    9    11   9    5    12   7    10   11   10   10   3    10   11   12   5    6    6    12   7    8    
1          9.99000999000999E-4    123.98677248677244     13         7    1    2    7    9    8    3    12   12   10   12   8    11   4    13   9    13   13   5    13   10   11   8    8    8    11   6    12   
1          9.99000999000999E-4    123.77248677248669     13         7    1    10   7    10   8    2    12   12   10   3    8    11   9    13   4    13   13   5    13   10   11   8    8    8    11   9    6    
2          0.001998001998001998   120.70634920634913     10         5    7    1    5    9    6    2    10   10   9    10   6    8    6    7    9    7    7    3    7    9    8    6    6    6    8    6    4    
1          9.99000999000999E-4    120.3492063492063      15         10   10   1    10   12   2    3    14   14   12   14   11   13   4    15   5    15   6    7    15   12   13   11   11   11   13   8    9    
1          9.99000999000999E-4    120.11375661375656     11         6    1    8    6    8    7    2    10   10   8    10   7    9    3    11   8    11   11   8    11   8    4    7    7    7    9    7    5    
1          9.99000999000999E-4    119.92857142857133     11         5    1    7    5    7    6    8    9    9    7    9    6    11   2    10   8    10   3    8    10   7    11   6    6    6    11   6    4    
3          0.002997002997002997   119.74074074074068     9          3    5    6    3    6    4    1    8    8    6    8    4    7    4    9    6    9    9    2    9    6    7    4    4    4    7    4    5    
1          9.99000999000999E-4    115.87301587301577     12         1    8    2    3    11   6    4    9    5    11   9    6    12   7    10   11   10   10   11   10   11   12   6    6    6    12   7    8    
1          9.99000999000999E-4    113.4047619047619      10         5    7    1    5    9    6    2    7    7    9    7    6    10   6    8    9    8    3    4    8    9    10   6    6    6    10   6    7    
1          9.99000999000999E-4    113.23280423280417     13         5    9    10   5    1    6    2    11   3    10   11   7    12   8    13   10   13   13   4    13   10   12   7    6    6    12   8    9    
1          9.99000999000999E-4    111.64285714285703     12         5    1    8    5    2    6    3    10   10   9    10   6    11   7    12   9    12   12   8    12   9    11   6    6    6    11   7    4    
1          9.99000999000999E-4    111.61904761904752     15         9    9    1    9    12   10   2    14   14   12   14   11   13   3    15   4    15   5    6    15   12   13   11   10   10   13   7    8    
1          9.99000999000999E-4    110.88624338624338     12         6    1    8    6    2    7    3    11   4    9    11   7    10   7    12   9    12   12   8    12   9    10   7    7    7    10   7    5    
1          9.99000999000999E-4    110.82804232804226     13         6    1    2    6    9    7    3    12   12   10   12   7    11   8    13   9    13   13   4    13   10   11   7    7    7    11   8    5    
1          9.99000999000999E-4    110.57936507936499     12         5    1    8    5    9    6    8    10   10   9    10   6    11   7    12   9    12   2    3    12   9    11   6    6    6    11   7    4    
1          9.99000999000999E-4    110.23544973544969     14         1    2    3    4    13   8    5    11   11   13   11   8    14   10   12   13   12   12   6    12   13   14   9    8    9    14   10   7    
1          9.99000999000999E-4    108.59259259259257     13         8    1    2    8    12   9    3    10   10   12   10   9    13   4    11   5    11   11   12   11   12   13   9    9    9    13   6    7    
1          9.99000999000999E-4    107.84920634920627     13         9    1    2    9    11   10   3    12   12   11   12   10   4    10   13   11   13   13   5    13   11   6    10   10   10   7    10   8    
1          9.99000999000999E-4    107.83597883597878     14         8    1    2    8    3    9    4    11   11   13   11   9    14   10   12   5    12   12   6    12   13   14   9    9    9    14   10   7    
1          9.99000999000999E-4    106.95238095238088     11         5    1    2    5    7    6    3    9    9    8    9    6    10   6    11   8    11   11   7    11   8    10   6    6    6    10   6    4    
8          0.007992007992007992   106.49735449735445     10         5    1    2    5    7    6    3    8    8    7    8    6    10   6    9    7    9    9    7    9    7    10   6    6    6    10   6    4    
1          9.99000999000999E-4    106.18518518518516     11         4    6    1    4    7    5    8    10   10   7    10   5    9    2    11   7    11   11   8    11   7    9    5    5    5    9    3    6    
1          9.99000999000999E-4    105.12698412698406     12         6    1    2    6    8    7    3    11   11   8    11   7    10   7    12   9    12   4    9    12   8    10   7    7    7    10   7    5    
2          0.001998001998001998   104.49206349206348     13         8    1    2    8    10   9    3    12   4    10   12   9    11   9    13   10   13   13   5    13   10   11   9    9    9    11   6    7    
1          9.99000999000999E-4    104.41005291005283     11         4    7    9    4    10   5    9    8    8    10   8    5    11   6    7    10   7    7    1    7    10   11   5    6    5    2    6    3    
1          9.99000999000999E-4    103.69576719576713     15         9    1    2    9    14   3    4    13   13   14   13   10   15   5    12   14   12   12   6    12   14   15   10   11   11   15   7    8    
1          9.99000999000999E-4    103.21164021164016     9          3    5    1    3    6    4    7    9    9    6    9    4    8    4    5    6    5    5    7    5    6    8    4    4    4    8    4    2    
1          9.99000999000999E-4    102.23015873015868     9          3    5    6    3    7    4    6    9    9    7    9    4    8    4    5    7    5    5    1    5    7    8    4    4    4    8    4    2    
1          9.99000999000999E-4    100.23544973544969     14         1    2    3    4    13   9    5    11   11   13   11   9    14   10   12   6    12   12   7    12   13   14   9    9    9    14   10   8    
1          9.99000999000999E-4    99.37301587301585      14         8    1    2    8    12   9    3    13   13   12   13   10   11   9    14   4    14   14   5    14   12   11   10   9    9    11   6    7    
1          9.99000999000999E-4    99.04232804232801      15         10   1    2    10   14   11   3    12   12   14   12   4    15   5    13   6    13   13   7    13   14   15   11   11   11   15   8    9    
1          9.99000999000999E-4    96.27248677248674      10         4    1    6    4    7    5    2    9    9    7    9    5    8    5    10   6    10   10   6    10   7    8    5    5    5    8    5    3    
1          9.99000999000999E-4    95.60582010582006      15         8    1    2    8    13   9    3    11   11   13   4    10   15   5    12   14   12   12   14   12   13   15   10   9    9    15   6    7    
1          9.99000999000999E-4    94.36507936507932      11         4    1    2    4    9    5    10   7    7    9    7    5    11   6    8    9    8    8    10   8    9    11   5    5    5    11   6    3    
1          9.99000999000999E-4    93.47619047619042      13         7    1    2    7    9    8    3    11   11   9    11   8    10   8    12   9    13   12   4    13   9    10   8    8    8    10   5    6    
1          9.99000999000999E-4    91.96825396825393      15         9    1    2    9    12   10   3    14   14   12   14   11   4    5    15   12   15   15   6    15   12   13   11   10   10   13   7    8    
1          9.99000999000999E-4    91.75925925925927      15         10   1    12   10   13   11   2    3    4    13   5    11   14   6    15   13   15   7    12   15   13   14   11   11   11   14   8    9    
4          0.003996003996003996   91.18783068783068      12         7    1    2    7    9    8    3    11   11   9    11   8    10   4    12   9    12   12   5    12   9    10   8    8    8    10   6    12   
1          9.99000999000999E-4    90.84391534391533      13         8    1    2    8    12   9    3    10   10   12   4    9    13   9    11   12   11   11   5    11   12   13   9    9    9    13   6    7    
1          9.99000999000999E-4    90.03703703703702      13         7    1    2    7    12   8    3    10   10   12   10   8    13   9    11   12   11   11   4    11   12   13   8    9    9    13   5    6    
1          9.99000999000999E-4    89.88095238095232      13         8    1    2    8    12   9    3    10   10   12   10   9    13   9    11   12   11   11   4    11   12   5    9    9    9    13   6    7    
1          9.99000999000999E-4    88.79100529100526      12         6    1    10   6    10   7    11   8    8    10   8    7    2    3    9    10   9    9    11   9    10   12   7    7    7    12   4    5    
1          9.99000999000999E-4    88.60846560846561      10         3    1    5    3    6    4    5    9    9    7    9    4    8    4    10   7    10   10   6    10   7    8    4    4    4    8    4    2    
1          9.99000999000999E-4    87.93386243386243      10         4    1    2    4    7    5    8    9    9    7    9    5    6    5    10   8    10   10   7    10   7    6    5    5    5    6    5    3    
2          0.001998001998001998   87.83333333333339      9          3    1    6    3    7    4    6    8    8    7    8    4    5    4    9    7    9    9    7    9    7    5    4    4    4    5    4    2    
1          9.99000999000999E-4    85.32275132275133      13         6    1    2    6    10   7    3    12   12   10   12   7    11   9    13   10   13   13   4    13   10   11   8    8    8    11   9    5    
1          9.99000999000999E-4    84.15343915343911      13         1    2    3    4    12   9    5    10   10   12   10   9    13   6    11   12   11   11   7    11   12   13   9    9    9    13   8    11   
1          9.99000999000999E-4    82.49999999999991      11         5    1    7    5    7    6    2    10   10   8    10   3    9    6    11   8    11   11   7    11   8    9    6    6    6    9    6    4    
1          9.99000999000999E-4    81.1931216931217       10         1    2    3    4    7    6    8    9    9    7    9    6    8    6    10   7    10   10   7    10   7    8    6    6    6    8    6    5    
1          9.99000999000999E-4    78.23015873015869      13         8    1    2    8    12   9    3    10   10   12   10   9    13   4    11   12   11   11   5    11   12   6    9    9    9    13   7    11   
1          9.99000999000999E-4    76.57671957671957      13         6    1    9    6    10   7    2    3    12   10   12   7    11   8    13   9    13   13   4    13   10   11   7    7    7    11   8    5    
1          9.99000999000999E-4    75.36507936507935      14         8    1    2    8    10   9    3    4    13   11   13   9    12   5    14   10   14   14   10   14   11   12   9    9    9    12   6    7    
1          9.99000999000999E-4    73.94973544973547      12         1    2    10   3    11   6    4    8    8    11   8    6    12   7    9    11   9    9    10   9    11   12   6    6    6    12   7    5    
1          9.99000999000999E-4    73.72222222222219      13         1    2    11   3    12   8    4    9    9    12   9    8    13   5    10   11   10   10   11   10   12   13   8    8    8    13   6    7    
1          9.99000999000999E-4    72.75132275132276      12         5    1    8    5    8    6    2    11   11   9    11   6    10   7    12   9    12   12   3    12   9    10   6    6    6    10   7    4    
1          9.99000999000999E-4    72.43650793650794      13         7    1    2    7    12   8    3    10   10   12   10   9    13   4    11   12   11   11   12   11   12   13   9    8    8    13   5    6    
1          9.99000999000999E-4    72.20105820105823      9          3    1    5    3    5    4    6    8    8    5    8    4    7    4    9    5    9    9    6    9    5    7    4    4    4    7    4    2    
1          9.99000999000999E-4    71.65873015873014      12         6    1    10   6    10   7    2    8    8    10   8    7    12   3    9    11   9    9    11   9    10   12   7    7    7    12   4    5    
2          0.001998001998001998   71.53174603174604      11         5    1    8    5    9    6    8    10   10   9    10   6    11   2    7    9    7    7    9    7    9    11   6    6    6    11   3    4    
1          9.99000999000999E-4    70.78571428571426      13         8    1    12   8    12   9    2    10   10   12   10   9    13   3    11   4    11   11   5    11   12   13   9    9    9    13   6    7    
1          9.99000999000999E-4    70.26190476190473      10         4    1    6    4    6    5    2    9    9    7    9    5    8    5    10   7    10   10   6    10   7    8    5    5    5    8    5    3    
2          0.001998001998001998   69.9338624338624       13         6    1    2    6    10   7    3    13   13   10   13   7    11   9    12   10   12   12   4    12   10   11   7    8    8    11   9    5    
1          9.99000999000999E-4    69.22486772486769      13         7    1    2    7    9    8    3    12   12   10   4    8    11   8    13   5    13   13   9    13   10   11   8    8    8    11   8    6    
1          9.99000999000999E-4    67.83597883597885      13         6    1    9    6    10   7    2    11   11   10   11   7    12   3    13   10   13   13   9    13   10   12   8    8    8    12   4    5    
1          9.99000999000999E-4    67.10052910052909      12         6    1    2    6    8    3    4    11   11   8    11   7    10   7    12   9    12   12   9    12   8    10   7    7    7    10   7    5    
1          9.99000999000999E-4    66.3280423280423       12         7    1    2    7    9    8    3    11   11   9    11   8    10   8    12   9    12   12   4    12   9    10   5    8    8    10   8    6    
1          9.99000999000999E-4    61.880952380952344     11         5    1    2    5    9    6    3    7    7    9    7    6    11   6    8    10   8    8    10   8    9    11   6    6    6    11   6    4    
1          9.99000999000999E-4    60.970899470899454     13         7    1    2    7    10   8    3    12   12   10   12   8    11   4    13   10   13   13   5    13   10   11   8    9    9    11   9    6    
1          9.99000999000999E-4    59.949735449735414     11         4    1    7    4    8    5    2    9    9    8    9    5    11   6    10   3    10   10   7    10   8    11   5    5    5    11   6    11   
1          9.99000999000999E-4    59.740740740740755     13         7    1    2    7    11   8    3    12   12   11   12   8    10   4    13   11   13   13   5    13   11   10   9    8    9    10   6    10   
1          9.99000999000999E-4    59.71957671957671      12         7    1    2    7    9    8    3    11   11   9    11   8    10   4    12   9    12   5    9    12   9    10   8    8    8    10   8    6    
1          9.99000999000999E-4    59.12962962962961      13         8    1    2    8    10   9    3    11   11   10   11   9    12   4    13   5    13   13   6    13   10   12   9    9    9    12   7    12   
1          9.99000999000999E-4    59.05820105820107      14         8    1    2    8    11   9    3    4    13   11   13   10   12   10   14   11   14   14   5    14   11   12   9    9    9    12   6    7    
1          9.99000999000999E-4    58.90211640211641      13         7    1    2    7    10   8    3    12   4    10   12   8    11   9    13   5    13   13   6    13   10   11   8    8    8    11   9    11   
1          9.99000999000999E-4    58.071428571428555     15         1    2    3    4    11   10   5    14   14   11   14   10   15   6    13   12   13   7    12   13   11   15   10   10   10   15   8    9    
1          9.99000999000999E-4    54.738095238095234     13         8    1    2    8    10   9    3    4    12   10   12   9    11   9    13   10   13   13   5    13   10   11   9    6    9    11   9    7    
1          9.99000999000999E-4    54.21164021164019      11         5    1    9    5    10   6    9    7    7    10   7    6    11   6    8    10   8    8    2    8    10   11   6    6    6    11   3    4    
1          9.99000999000999E-4    54.10846560846559      15         8    1    2    8    11   9    3    14   14   12   14   10   13   4    15   11   15   15   5    15   12   13   10   9    9    13   6    7    
1          9.99000999000999E-4    53.8968253968254       12         6    1    2    6    9    7    3    10   10   9    10   7    11   7    12   9    12   12   4    12   9    11   7    8    8    11   7    5    
1          9.99000999000999E-4    52.15873015873017      12         5    1    10   5    11   6    10   9    9    11   9    6    12   7    8    11   8    8    2    8    11   12   6    7    7    12   3    4    
1          9.99000999000999E-4    51.595238095238095     12         5    7    1    5    10   6    11   8    8    10   8    6    12   2    9    11   9    9    3    9    10   12   6    6    6    12   4    7    
1          9.99000999000999E-4    50.90476190476189      11         6    1    2    6    8    7    3    10   10   8    10   4    9    7    11   8    11   11   8    11   8    9    7    7    7    9    7    5    
1          9.99000999000999E-4    50.83862433862434      11         5    1    2    5    8    6    3    10   10   8    10   7    9    6    11   8    11   11   8    11   8    9    7    7    6    9    7    4    
2          0.001998001998001998   48.32010582010584      13         8    1    2    8    12   9    3    10   10   12   10   9    13   9    11   12   11   11   4    11   12   13   9    9    9    5    6    7    
1          9.99000999000999E-4    48.17989417989417      11         5    1    2    5    7    6    3    10   10   8    10   6    9    6    11   7    11   11   8    11   8    9    6    6    6    9    6    4    
1          9.99000999000999E-4    48.171957671957685     15         7    1    2    7    10   8    3    12   12   11   12   8    13   4    15   10   15   15   5    15   11   14   8    9    9    14   6    13   
1          9.99000999000999E-4    47.49735449735449      12         1    8    2    3    9    7    4    10   10   9    10   7    11   5    12   9    12   12   6    12   9    11   7    7    7    11   7    8    
1          9.99000999000999E-4    47.132275132275126     14         9    1    2    9    3    10   4    14   5    11   14   10   12   10   13   6    13   13   7    13   11   12   10   10   10   12   10   8    
3          0.002997002997002997   46.597883597883595     11         5    7    1    5    8    6    2    9    9    8    9    6    10   3    11   8    11   11   4    11   8    10   6    6    6    10   6    7    
1          9.99000999000999E-4    46.49735449735449      14         7    9    1    7    10   8    2    14   14   11   3    8    12   4    13   10   13   13   5    13   11   12   8    8    8    12   6    9    
2          0.001998001998001998   45.33862433862434      11         6    1    2    6    8    7    8    10   10   8    10   7    9    7    11   8    11   11   3    11   8    9    7    7    7    9    4    5    
1          9.99000999000999E-4    44.42592592592594      12         3    7    8    3    9    4    1    11   11   9    11   4    10   6    12   2    12   12   8    12   9    10   5    5    5    10   6    7    
1          9.99000999000999E-4    43.531746031746025     10         3    5    6    3    7    4    1    9    9    7    9    4    8    2    10   7    10   10   6    10   7    8    4    4    4    8    4    5    
1          9.99000999000999E-4    43.45238095238094      10         4    1    6    4    7    5    6    9    9    7    9    5    8    5    10   7    10   10   2    10   7    8    5    5    5    8    5    3    
1          9.99000999000999E-4    43.269841269841265     13         7    1    2    7    12   8    3    4    10   12   10   9    13   5    11   12   11   11   12   11   12   13   9    8    8    13   8    6    
1          9.99000999000999E-4    43.13756613756611      12         5    1    2    5    8    6    11   10   3    8    10   6    11   7    12   9    12   12   9    12   8    11   6    7    7    11   6    4    
1          9.99000999000999E-4    41.494708994709        12         4    7    10   4    11   5    1    8    8    11   8    5    12   2    9    10   9    9    10   9    11   12   6    6    6    12   3    7    
1          9.99000999000999E-4    40.73544973544974      12         5    1    8    5    9    6    2    11   11   9    11   7    10   3    12   9    12   12   8    12   9    10   6    6    6    10   7    4    
1          9.99000999000999E-4    40.682539682539684     11         2    6    7    2    8    3    1    9    9    8    9    4    10   5    11   8    11   11   7    11   8    10   3    4    3    10   5    6    
1          9.99000999000999E-4    39.58994708994709      11         6    1    2    6    8    7    3    10   4    8    10   7    9    7    11   8    11   11   8    11   8    9    7    7    7    9    7    5    
1          9.99000999000999E-4    35.81481481481481      12         6    1    10   6    11   7    2    8    8    11   8    7    12   3    9    10   9    9    4    9    11   12   7    7    7    12   7    5    
1          9.99000999000999E-4    34.1031746031746       15         10   1    2    10   14   11   3    12   12   14   12   11   15   4    13   5    13   13   6    13   14   7    11   11   11   15   8    9    
1          9.99000999000999E-4    33.96560846560846      15         1    2    3    4    12   10   5    14   6    12   14   10   13   11   15   7    15   15   8    15   12   13   10   10   10   13   11   9    
1          9.99000999000999E-4    33.93121693121693      15         10   1    2    10   14   3    4    12   12   14   12   11   15   5    13   14   13   6    7    13   14   15   11   11   11   15   8    9    
2          0.001998001998001998   33.84920634920635      12         5    1    8    5    9    6    2    11   11   9    11   6    10   3    12   9    12   12   8    12   9    10   6    7    7    10   7    4    
1          9.99000999000999E-4    31.71164021164021      12         6    1    2    6    11   7    3    9    4    11   9    8    12   8    10   11   10   10   11   10   11   12   8    7    7    12   8    5    
1          9.99000999000999E-4    30.058201058201053     14         8    1    2    8    11   9    3    13   13   11   13   10   12   4    14   11   14   14   5    14   11   12   9    10   10   12   6    7    
1          9.99000999000999E-4    29.021164021164026     13         8    1    2    8    10   9    3    12   12   10   12   9    11   4    13   10   13   13   10   13   10   5    9    9    9    11   6    7    
1          9.99000999000999E-4    28.85449735449735      13         7    1    2    7    10   8    10   12   12   10   3    9    11   8    13   10   13   13   4    13   10   11   9    8    8    11   5    6    
1          9.99000999000999E-4    28.12433862433862      15         10   1    2    10   14   11   3    12   12   14   12   4    15   5    13   14   13   13   6    13   14   15   11   7    11   15   8    9    
1          9.99000999000999E-4    28.100529100529094     13         7    1    2    7    12   8    3    10   10   12   10   9    13   8    11   12   11   11   4    11   12   13   9    9    9    13   5    6    
1          9.99000999000999E-4    27.179894179894177     12         5    1    2    5    8    6    9    11   3    8    11   6    10   7    12   8    12   12   9    12   8    10   6    6    6    10   7    4    
1          9.99000999000999E-4    26.1005291005291       13         8    1    2    8    10   9    3    12   12   10   12   9    11   9    13   10   13   13   4    13   5    11   9    9    9    11   6    7    
1          9.99000999000999E-4    25.132275132275133     15         1    2    3    4    12   5    6    14   14   12   14   10   13   7    15   12   15   15   8    15   12   13   10   11   11   13   10   9    
1          9.99000999000999E-4    24.113756613756614     12         6    1    8    6    9    7    2    11   3    9    11   7    10   4    12   8    12   12   8    12   9    10   7    7    7    10   7    5    
1          9.99000999000999E-4    23.2962962962963       14         8    1    2    8    3    9    4    11   11   13   11   9    14   10   12   13   12   5    6    12   13   14   9    9    9    14   10   7    
1          9.99000999000999E-4    22.373015873015866     13         6    9    1    6    12   7    2    10   10   12   10   7    13   8    11   3    11   11   4    11   12   5    7    7    7    13   8    9    
1          9.99000999000999E-4    19.37566137566138      12         6    1    9    6    10   7    9    12   12   10   12   7    11   7    8    2    8    8    3    8    10   11   7    7    7    11   4    5    
1          9.99000999000999E-4    19.362433862433868     16         1    2    3    4    5    11   6    15   15   13   7    11   14   12   16   13   16   16   8    16   13   9    11   11   11   14   12   10   
1          9.99000999000999E-4    18.441798941798943     16         1    2    3    4    13   12   5    15   15   13   15   12   6    7    16   13   16   8    9    16   13   14   12   12   12   14   10   11   
1          9.99000999000999E-4    17.412698412698415     14         9    1    2    9    11   10   3    4    13   11   13   10   12   10   14   5    14   14   6    14   11   12   10   10   10   12   7    8    
1          9.99000999000999E-4    16.465608465608465     14         9    1    2    9    11   10   3    14   14   11   4    10   12   5    13   6    13   13   7    13   11   12   10   10   10   12   10   8    
1          9.99000999000999E-4    15.584656084656084     13         7    1    2    7    10   8    3    12   12   10   12   4    11   9    13   10   13   13   5    13   10   11   8    8    8    11   9    6    
1          9.99000999000999E-4    15.566137566137565     14         7    1    2    7    11   8    3    13   13   11   13   9    12   10   14   11   14   14   4    14   11   12   9    8    5    12   10   6    
1          9.99000999000999E-4    15.383597883597885     16         12   1    2    12   14   13   3    4    5    14   6    7    15   13   16   14   16   8    9    16   14   15   13   13   13   15   10   11   
1          9.99000999000999E-4    14.544973544973546     15         9    1    2    9    12   10   3    14   14   12   14   10   4    11   15   12   15   5    6    15   12   13   10   7    10   13   11   8    
1          9.99000999000999E-4    13.523809523809524     14         8    1    2    8    11   9    3    13   13   11   13   10   4    5    14   11   14   14   6    14   11   12   10   9    9    12   10   7    
1          9.99000999000999E-4    12.584656084656086     13         8    1    2    8    10   9    3    11   11   10   11   9    13   4    12   10   12   5    6    12   10   13   9    9    9    13   9    7    
1          9.99000999000999E-4    12.534391534391535     14         1    2    3    4    10   9    5    13   13   11   13   9    12   9    14   10   14   14   6    14   11   12   9    9    9    12   7    8    
1          9.99000999000999E-4    11.616402116402114     13         7    1    2    7    9    8    3    12   12   9    12   8    11   4    13   10   13   5    10   13   9    11   8    8    8    11   8    6    
4          0.003996003996003996   10.732804232804233     9          4    1    7    4    7    5    2    9    9    7    9    5    8    5    6    7    6    6    7    6    7    8    5    5    5    8    5    3    
1          9.99000999000999E-4    10.682539682539682     14         7    1    2    7    10   8    3    13   13   10   13   8    12   4    14   11   14   14   11   14   10   12   5    9    8    12   9    6    
1          9.99000999000999E-4    9.714285714285714      14         6    1    2    6    10   7    3    13   13   10   13   7    12   9    14   11   14   4    11   14   10   12   7    8    8    12   9    5    
1          9.99000999000999E-4    7.835978835978836      11         3    11   1    3    6    4    2    9    9    6    9    4    8    5    10   7    10   10   7    10   6    8    4    4    4    8    5    11   
1          9.99000999000999E-4    7.753968253968254      15         7    1    2    7    11   8    3    13   13   11   13   9    15   10   14   12   14   4    12   14   11   15   9    5    8    15   10   6    
1          9.99000999000999E-4    6.85978835978836       13         6    1    2    6    11   7    3    9    9    11   9    7    13   8    10   12   10   4    12   10   11   13   7    7    7    13   8    5    
1          9.99000999000999E-4    5.825396825396826      13         6    9    1    6    10   7    2    3    12   10   12   8    11   4    13   10   13   13   10   13   10   11   8    7    7    11   5    9    
1          9.99000999000999E-4    4.936507936507937      13         7    9    1    7    12   8    2    10   10   12   10   3    13   4    11   12   11   11   5    11   12   13   8    8    8    13   6    9    
1          9.99000999000999E-4    4.907407407407407      13         7    9    1    7    12   8    2    10   10   12   3    8    13   4    11   12   11   11   5    11   12   13   8    8    8    13   6    9    
1          9.99000999000999E-4    3.9074074074074074     12         5    8    1    5    11   6    2    9    9    11   9    3    12   7    10   11   10   10   4    10   11   12   6    6    6    12   7    8    
1          9.99000999000999E-4    3.8703703703703702     8          2    4    7    2    7    3    1    5    5    7    5    3    8    3    6    7    6    6    7    6    7    8    3    3    3    8    3    4    
1          9.99000999000999E-4    1.992063492063492      13         6    9    1    6    12   7    2    10   10   12   10   7    3    8    11   4    11   11   5    11   12   13   7    7    7    13   8    9    
1          9.99000999000999E-4    1.9523809523809523     13         7    13   1    7    9    8    2    11   11   9    11   8    10   3    12   4    12   12   5    12   9    10   8    8    8    10   6    13   
1          9.99000999000999E-4    1.0                    11         5    1    7    5    8    6    7    2    10   8    10   6    9    6    11   8    11   11   3    11   8    9    6    6    6    9    6    4    

